-0.000044516 2.11631
0.450372344 2.12615
0.507229602 2.02961
0.559154125 2.05087
0.612230156 2.06357
0.663933977 2.09214
0.715440601 2.12888
0.766490752 2.15453
0.818023812 2.20337
0.867415313 2.15422
0.916593697 2.11992
0.965862936 2.07559
1.048549500 2.05345
1.118245674 2.09594
1.187796787 2.07203
1.261670115 2.08078
1.335385440 2.02897
1.403347776 2.06489
1.477120177 2.03305
1.547500211 2.04992
1.613558559 2.02966
1.684579418 1.9832
1.752823237 2.03724
1.843202746 1.89064
1.937010078 1.87089
2.015370129 1.82226
2.089786900 1.86742
2.176092597 1.79785
2.271218022 1.86
2.352763924 1.88752
2.434422485 1.55869
2.507586661 1.5887
2.591519960 1.84516
2.670953432 1.82918
2.753040748 1.89859
2.832497948 1.86802
2.913237989 1.87942
2.984494064 1.72186
3.057664558 1.75612
3.131679331 1.73053
3.203030526 1.74097
3.267075351 1.77546
3.340568612 1.74394
3.415948211 1.73936
3.488773126 1.7089
3.566465855 1.69231
3.644784684 1.63355
3.718309764 1.67835
3.791831837 1.9204
3.865100047 1.62528
3.938708360 1.66394
4.007297227 1.56742
4.077307168 1.5559
4.147662364 1.51947
4.223701889 1.54148
4.292750489 1.51711
4.360549934 1.49834
4.427907950 1.53109
4.497051249 1.46855
4.568561536 1.51428
4.640676772 1.48118
4.709306034 1.47468
4.773390130 1.45104
4.837173714 1.3643
4.907571219 1.38128
4.976937241 1.37823
5.042508002 1.36503
5.114967953 1.3602
5.191076840 1.34975
5.255150003 1.34185
5.324125997 1.3665
5.393184836 1.26748
5.471320555 1.27489
5.539722023 1.28957
5.611001954 1.25251
5.681868061 1.22286
5.750720300 1.27038
5.813899492 1.23531
5.875641853 1.23254
5.957992164 1.19969
6.032306184 1.20613
6.102636408 1.18276
6.569563483 1.12283
6.637483821 1.09713
6.707219901 1.06582
6.780327055 1.08142
6.845159841 1.03975
6.914372482 1.03489
6.983451853 0.995658
7.055160597 0.977703
7.121694413 1.00166
7.182537217 0.955436
7.250220083 0.931178
7.317257447 0.94428
7.381983458 0.92426
7.449522725 0.892429
7.524562273 0.877841
7.589934953 0.846616
7.652254028 0.865665
7.717871547 0.843056
7.786065236 0.838537
7.856102891 0.827175
7.925251937 0.807503
7.989742296 0.769765
8.056527617 0.736579
11.071148261 1.32981
11.557532277 0.998375
11.616839648 0.997403
11.681125726 0.992431
11.751262615 0.989549
11.812630175 0.980128
11.878577759 1.00268
11.943881621 1.00698
12.013155828 0.985957
12.083425581 0.958893
17.613881950 0.932765
19.663931104 0.75014
20.783330971 0.917247
20.845139739 0.924038
20.906325127 0.937273
20.969411033 0.924705
21.039226677 0.922487
21.099895293 0.902695
21.161371556 0.892695
21.228626436 0.918434
21.366581311 0.926056
21.509621108 0.94395
23.036704644 0.803917
23.100740664 0.818249
23.169675274 0.828499
23.237992258 0.796032
23.301470705 0.803286
23.366071426 0.76123
23.436473234 0.759474
23.511229247 0.784509
23.580733729 0.799607
24.469946447 8.15281
24.535099975 0.749421
24.992610233 7.06473
37.469545306 7.71065
38.120399355 8.06072
38.185076037 8.27552
40.249536513 8.27131
40.454573638 7.98292
40.652087059 7.33806
41.074725425 7.49142
42.833388075 0.862085
42.897270425 0.850062
42.964909962 0.856275
43.031341677 0.862686
43.094692613 0.855641
43.161442098 0.848457
43.227236066 0.836322
43.298475100 0.825429
43.573383384 0.884441
43.640336998 0.862268
43.713543652 0.880532
43.789867395 0.902674
43.858237303 0.858829
43.925614587 0.848596
43.995520446 0.848866
44.063126462 0.827905
44.129225939 0.834861
44.209040465 0.784891
44.280409214 0.82564
44.347505096 0.803589
44.412404077 0.829273
44.480515451 0.84501
45.630930662 8.4484
45.769062579 8.09451
47.281328945 0.731027
47.340617938 0.739518
48.171500815 0.956251
48.236414946 0.953191
48.298659729 0.959412
48.360476801 0.979104
48.425159018 1.01794
48.492786830 1.01155
48.559056697 1.03706
48.625960944 1.05375
48.697478457 1.0573
48.765523349 1.07286
49.292826072 0.884266
49.364267363 0.835481
49.436355808 0.836815
49.503035426 0.840186
49.575502721 0.905696
49.648879911 0.939205
49.723614306 0.960745
49.797459471 1.01589
49.865041162 1.05335
49.929896105 1.08059
49.997534877 1.12036
50.075369014 1.19456
50.151935739 1.17858
50.222668818 1.23124
50.299197360 1.24567
50.379109590 1.73565
50.453952694 1.76075
50.522351781 1.87
50.591540952 1.86929
50.659683087 1.87889
50.732574734 2.006
50.807111568 2.08584
50.876107349 1.99773
50.948707977 2.02918
51.017407521 2.08985
51.089806384 2.21725
51.161274352 2.23059
51.235290622 2.44202
51.304797216 2.50945
51.376232185 2.65154
51.449901317 2.74639
51.527598575 2.71908
51.604926128 2.80196
51.680666827 2.84472
51.751469643 2.81107
51.821768529 2.95462
51.894889117 2.42663
51.971777184 2.45131
52.044762857 2.37841
52.117084189 3.04776
52.192221040 3.06507
52.270025863 3.07401
52.340637893 2.61554
52.417596487 2.44547
52.488574127 3.2404
52.567626904 2.41677
52.647836071 2.38186
52.718702587 2.35913
52.786885103 2.40249
52.856098476 2.28551
52.925155224 2.20556
52.993646383 2.27223
53.060423719 2.2744
53.129492311 2.18
53.209843658 2.14146
53.286418872 2.05856
53.357270031 2.07976
53.423096186 1.98875
53.497943387 1.92504
53.567817117 4.26719
53.637779402 4.12276
53.704686546 4.35341
53.782647382 4.31164
53.853383839 3.97
53.927941533 3.70477
53.995288885 3.7986
54.070207195 3.95847
54.143245883 3.88306
54.211029361 3.73705
54.277218064 3.56372
54.349146920 3.51776
54.420477430 3.52147
54.488079211 3.7109
54.554422363 3.37718
54.630598040 3.35882
54.700950108 3.49961
54.774584057 1.35842
54.844843851 1.36079
54.911980162 1.38449
54.981511355 1.39232
55.051943955 1.38259
55.121960740 1.3899
55.188310373 1.47433
55.252998180 1.458
55.328618042 1.51449
55.399790464 1.51187
55.471969848 1.54471
55.541624428 1.58897
55.614260819 1.61475
55.691241058 1.68875
55.761279270 1.78131
55.829983851 1.79602
55.897868550 1.74455
55.963921513 1.78085
56.034409192 1.7705
56.099454497 1.76472
56.165747771 1.90975
56.236645184 1.79389
56.302863047 2.05466
56.371827887 1.84912
56.438983914 2.03968
56.508786642 2.25827
56.577803915 2.26434
56.644357741 2.27692
56.719367891 2.16934
56.792589612 2.13414
56.866530233 2.25562
56.935143570 2.30487
57.009218395 2.33566
57.083049506 2.36719
57.158565866 2.45741
57.227201937 2.42174
57.302761579 2.37569
57.375557296 2.16153
57.453062992 2.23057
57.522361288 2.11259
57.596159678 2.13517
57.666553117 2.09337
57.735966585 2.17653
57.803725438 2.13813
57.873351737 2.16996
57.940517974 2.19002
58.007637620 2.21739
58.075491417 2.20139
58.141770855 2.2621
58.206437609 2.3515
58.279211082 2.20877
58.348393515 2.24936
58.425103736 2.29585
58.500805605 2.15388
58.566655256 2.20062
58.631704000 2.15765
58.698369066 2.18855
58.768531375 2.12364
58.840414846 2.16375
58.915320115 2.21649
58.990514172 2.28515
59.066978788 2.18245
59.142357332 2.23852
59.212680926 2.24708
59.289405256 2.25482
59.357228922 2.40977
59.426213778 2.15891
59.491322803 1.85673
59.555606019 1.89117
59.621632323 1.89363
59.692403479 1.87413
59.759279375 1.89738
59.823397173 1.93987
59.888946088 1.93273
59.956767207 1.93625
60.023407352 1.95874
60.090521622 2.0093
60.159883080 1.88026
60.234979092 1.90487
60.306600577 1.95807
60.379315901 1.88402
60.443450097 1.87203
60.508327990 1.88181
60.577654524 1.92354
60.648336047 1.95836
60.719861778 1.87963
60.791438212 1.84284
60.862848640 1.91081
60.935543372 1.98378
61.008471692 2.0101
61.073997083 2.03422
61.142981675 2.04638
61.210590211 2.03106
61.279019441 2.0471
61.343290689 1.84781
61.412502685 2.01167
61.481899745 2.07815
61.549794962 1.9766
61.624407709 1.97193
61.703456646 1.9452
61.776392303 1.98478
61.853425542 1.99578
61.929063039 1.99221
61.999289883 1.97047
62.075173525 1.91176
62.145682087 1.97244
62.216737959 2.19948
62.283014566 2.04844
62.349420926 2.09097
62.417901117 2.02082
62.487606969 2.0173
62.563086807 2.04344
62.641061591 2.04686
62.714803553 2.12402
62.788554263 2.16919
62.855300165 2.18623
62.922851162 2.20321
62.994309484 2.24242
63.070478082 2.23599
63.137383645 2.27288
63.205993308 2.28998
63.273064301 2.34047
63.346416965 2.30863
63.421675971 2.32681
63.498968651 2.38371
63.571713431 2.43282
63.640063503 2.37194
63.709306613 2.37079
63.779869632 2.39714
63.851741475 2.33307
63.924158335 2.37762
63.996643330 2.44492
64.071714966 2.46852
64.147339919 2.42152
64.214215079 2.41926
64.279270289 2.39325
64.352766477 2.39293
64.425027595 2.3474
64.490648246 2.32881
64.556397739 2.19835
64.632575854 2.27019
64.698987640 2.20079
64.764223984 2.20746
64.835419564 2.14587
64.907474798 2.14419
64.977095835 2.14938
65.043742116 2.1535
65.117258092 2.19935
65.186263159 2.20181
65.263251551 2.2925
65.340980938 2.26604
65.415820890 2.20703
65.487788229 2.2639
65.564691226 2.22307
65.640132244 2.18283
65.715631626 2.26422
65.792883009 2.17529
65.865190033 2.19647
65.934995212 2.17007
66.005264590 2.09162
66.074835930 2.11202
66.146436245 2.20658
66.220973639 2.22101
66.288644038 2.20826
66.358142856 2.19234
66.437919176 2.20333
66.510860911 2.10974
66.578171346 2.1212
66.647287261 2.09182
66.716203440 2.11126
66.782225147 2.13802
66.849450969 2.17168
66.921156155 2.18655
66.991932618 2.17991
67.059176952 2.23792
67.131489403 2.15862
67.199746477 2.18641
67.265749364 1.97395
67.344527839 2.22084
67.419905115 2.10239
67.493853090 2.02438
67.567352147 1.96273
67.640637620 2.00026
67.714893856 1.95256
67.788499092 1.95152
67.868972995 1.99015
67.946531593 1.92607
68.015121573 1.87292
68.095834157 1.89078
68.168942822 1.90479
68.237715156 1.85617
68.309705941 1.9327
68.379526551 2.01895
68.448347978 2.0012
68.520143449 1.78111
68.590752667 2.09702
68.658402064 1.55621
68.729266196 1.63397
68.798006112 1.64046
68.864495295 1.68386
68.934234869 1.88858
68.999826295 1.94226
69.064560155 1.77891
69.128905298 2.15748
69.197965933 2.25959
69.268542673 1.77711
69.340276629 1.99698
69.412650666 2.26204
69.487155189 2.2539
69.551762197 2.25371
69.619513258 2.18543
69.690230424 2.26588
69.765016493 2.27962
69.837651159 2.37991
69.906930950 2.37356
69.973310617 2.45639
70.050894881 2.47862
70.120757883 2.47439
70.193107747 2.53776
70.263601662 1.87259
70.332969921 2.52693
70.411444451 2.66059
70.484976004 1.95786
70.556166165 2.20865
70.632696170 1.96767
70.703598353 2.06637
70.777161408 2.45114
70.850642121 2.0032
70.919431923 2.12542
70.995399187 1.91865
71.062009269 1.87018
71.129660401 1.87184
71.200474424 1.92411
71.276464190 1.92296
71.349688408 2.06533
71.424235183 2.04156
71.499978806 2.03862
71.570708942 2.01973
71.637798819 2.00776
71.703074780 2.09194
71.768639813 2.09732
71.843535489 2.08675
71.912181011 2.2004
71.979169722 2.19897
72.044613399 2.35993
72.110568966 2.43613
72.187621373 2.08639
72.260970602 2.23018
72.330581304 2.46053
72.397478558 2.41631
72.465361182 2.65401
72.533519213 2.71036
72.611565196 2.12358
72.679018555 2.15459
72.744416612 2.1279
72.807799357 2.40582
72.878309270 2.44651
72.947694698 2.18257
73.022184369 2.17063
73.093381857 2.29998
73.163825214 2.1301
73.230255914 2.16257
73.307238031 2.00592
73.378513263 1.9015
73.447734109 1.80592
73.521867307 2.28267
73.591832593 2.22173
73.664950126 1.69324
73.737958152 2.22641
73.813853312 2.15236
73.879999180 2.2057
73.945675898 2.17484
74.009657924 2.13683
74.077649587 2.09386
74.143072230 2.09712
74.212778146 2.13089
74.278730604 1.58746
74.348920849 1.59998
74.420654207 2.20065
74.490626231 2.15276
74.555205615 1.71139
74.617964923 1.56683
74.681822483 1.53361
74.742794006 1.54805
74.806253344 1.57194
74.879593732 1.55362
74.949596174 1.73475
75.020518716 1.74002
75.091300711 1.64479
75.156871908 1.66081
75.220691665 1.47051
75.284183030 1.50263
75.354204014 1.48298
75.423830308 1.46636
75.497995342 1.51657
75.568108296 1.54462
75.636121154 1.53186
75.705412396 1.621
75.773105494 1.53343
75.835447871 1.50762
75.905383406 1.53303
75.979144226 1.52374
76.043755156 1.51208
76.113841595 1.56039
76.183490152 1.64673
76.251576518 1.61664
76.314570300 1.66958
76.377385774 1.71439
76.447996783 1.61655
76.516682162 1.90624
76.585452154 1.80139
76.650636092 1.86123
76.721679537 1.83936
76.792445765 1.93596
76.858488636 1.99715
76.933303219 2.13177
77.007682132 2.14316
77.079507475 1.89288
77.147126660 1.918
77.214361974 1.99252
77.280304131 1.73519
77.353252534 1.89148
77.427489446 2.06152
77.499417214 2.10294
77.565069677 2.19834
77.634799878 2.06901
77.706040731 2.03179
77.780697322 2.90093
77.857599448 3.2458
77.942226557 3.25488
78.033323091 2.87634
78.119415488 2.89308
78.207285902 2.81556
78.285355056 2.12294
78.360487935 2.26733
78.435555843 2.20061
78.507357142 2.38414
78.582243333 2.31684
78.658186825 2.5163
78.726956007 2.39991
78.793428034 2.74985
78.861837130 2.68
78.930705591 2.66163
79.002734832 3.19653
79.077179021 3.06853
79.155541606 3.0443
79.239335555 3.0381
79.315459771 3.1232
79.395289365 3.1228
79.475688832 3.10322
79.555325067 3.0369
79.640039813 3.1227
79.724038653 3.0124
79.803808662 3.09284
79.880263954 3.11729
79.950074569 3.26583
80.021247587 3.03337
80.094647053 3.40967
80.168351392 3.57308
80.251419462 3.26578
80.327513549 3.09742
80.403794213 3.67848
80.479402107 3.15185
80.552022316 2.81889
80.620667119 2.94032
80.692824412 2.53127
80.766460695 2.58288
80.844748731 2.67403
80.918747976 2.2914
80.990009099 2.48378
81.059423839 2.70538
81.127173144 2.50671
81.196053327 2.18733
81.261260920 2.26457
81.324924425 2.20855
81.390215516 2.34362
81.457534174 2.30278
81.535816663 2.0229
81.608941462 2.38665
81.679815133 2.19965
81.747571097 2.32273
81.812610083 2.24125
81.874932561 2.14677
81.947230550 1.92208
82.012786483 2.21911
82.082066749 1.98397
82.149218156 1.85349
82.222576186 2.60063
82.299407391 2.39495
82.368895464 2.10411
82.441466050 2.13241
82.511560822 2.06525
82.587071652 1.94489
82.655037827 1.93194
82.720732045 1.87941
82.789121338 1.78307
82.867681102 1.79464
82.935687917 1.53372
83.001144322 1.50947
83.077283191 1.55136
83.148650469 1.53195
83.216637772 1.50559
83.284734838 1.46917
83.351661174 1.42345
83.417151732 1.37946
83.482149389 1.33488
83.547596663 1.31799
83.613035266 1.33129
83.676891414 1.40212
83.744757921 1.42682
83.806582637 1.45099
83.869064071 1.46005
83.933751143 1.49045
84.000953592 1.52066
84.062488403 1.60425
84.129262378 1.6252
84.191248243 1.69901
84.255105423 1.78469
84.316190985 1.86375
84.375326607 1.79393
84.439890419 1.46197
84.503496690 1.45699
84.572531808 1.60212
84.636555866 1.53978
84.703803785 1.58153
84.767441947 1.60108
84.829702546 1.62576
84.902044441 1.66517
84.973306916 1.77464
85.040893252 1.63776
85.105069825 1.70054
85.175912435 1.74534
85.239083628 1.8221
85.302268351 1.9017
85.367792452 1.88711
85.435406970 1.91529
85.502466822 1.98832
85.576162511 1.93483
85.649150322 1.91628
85.722963921 2.02686
85.788363538 1.9617
85.850776810 1.96369
85.915395721 1.90245
85.987418853 1.93539
86.059295707 1.89059
86.128082820 1.91702
86.201575949 1.86443
86.270262473 1.8401
86.340108831 1.92811
86.406568106 1.88255
86.477853600 1.96131
86.547627759 1.93707
86.614719901 2.00932
86.685022538 1.91133
86.755205192 1.81254
86.825376149 1.98271
86.899301364 1.9388
86.967282938 1.88559
87.035099058 1.80206
87.101479805 1.64292
87.169241946 1.59736
87.232928138 1.53882
87.301810186 1.50501
87.369692458 1.47083
87.439295194 1.46459
87.501734485 1.45204
87.565087315 1.45357
87.633375771 1.40944
87.705921738 1.42775
87.773791816 1.36101
87.836206462 1.32402
87.906694508 1.29772
87.975553918 1.27955
88.049097925 1.27817
88.123392573 1.25648
88.190017298 1.14097
88.255432796 1.13607
88.328336162 1.10319
88.400111530 1.10026
88.472806573 1.12728
88.536513140 1.11002
88.599220413 1.16224
89.493366274 8.21158
89.557634541 7.3613
90.073475886 8.21694
90.752022478 0.889176
90.824192711 0.878887
90.895174582 0.94893
91.032454750 1.01033
91.101893973 1.10691
91.461569078 1.98792
91.538013028 1.04955
91.611888522 1.09356
91.687503175 1.18451
91.767727213 1.26252
92.054196707 0.971178
92.117789597 1.05861
92.179290438 1.16421
92.368334345 1.00716
92.428888639 1.08928
92.489198169 1.11979
92.548563898 1.24862
92.682242088 1.41376
92.745354434 1.4197
92.809593531 1.44181
92.941887463 2.25138
93.007322854 4.64525
93.071051698 4.2053
93.135872635 4.31919
93.198859927 4.18154
93.263859283 1.65317
93.328993274 1.6077
93.391080993 1.59265
93.451080090 1.49959
93.511634264 1.49589
93.575837703 1.49754
93.639137147 1.53201
93.705156644 1.51422
93.765665631 1.55915
93.829391602 1.55807
93.898170430 1.44126
93.966299334 1.33896
94.033065494 1.40029
94.100449459 1.36494
94.164530879 1.34136
94.223872571 1.34428
94.284989131 1.40205
94.350952674 1.41563
94.415384058 1.47854
94.477733625 1.23374
94.543029923 1.24988
94.604004739 1.22079
94.664970871 1.25134
94.727834776 1.25165
94.789136910 1.20189
94.849609188 1.27429
94.910553280 1.10416
94.973627256 1.13413
95.044321040 1.15367
95.166775837 1.14279
95.414478817 1.36365
95.481603543 1.30483
95.546187232 1.26549
95.611834083 1.34349
95.674057934 1.3726
95.741002993 1.34261
95.808047153 1.33078
95.870505314 1.29095
95.936985941 1.24689
96.479306717 0.961336
96.544944598 0.961662
96.612734167 0.903189
96.681026414 0.950423
96.743481341 1.00158
96.807637767 1.00011
96.869164976 1.11476
96.938759075 1.1588
97.067753753 7.51262
97.393789073 8.1526
97.655500165 8.29553
97.909266362 0.930305
97.970668276 0.945208
98.031087055 0.939653
98.095141190 0.93249
98.158359431 0.95362
98.219808624 1.04703
98.280774990 1.10709
98.344023202 1.12879
98.405701890 1.15005
98.469608958 1.09452
98.539021663 1.25701
98.605335397 1.21386
98.679002014 1.21858
98.747047367 1.17723
98.814578526 1.1089
98.881337110 1.15676
98.954967532 1.29317
99.031881615 1.27915
99.107939311 1.24557
99.179161889 1.34115
99.255536482 1.34465
99.323501529 1.29223
99.391478229 1.30973
99.466518528 1.37673
99.533844372 1.37697
99.598888765 1.37911
99.668394213 1.39972
99.741554234 1.42206
99.808198208 1.42809
99.877548316 1.47674
99.948436209 1.43891
100.017205876 1.52018
100.090942067 1.51517
100.154259298 1.5464
100.219464797 1.56507
100.293358279 1.56043
100.358470409 1.55994
100.428227650 1.63948
100.497696597 1.40164
100.563022675 1.43481
100.630516820 1.42653
100.700917731 1.46676
100.770741101 1.44784
100.840689806 1.46073
100.905635916 1.44928
100.970063494 1.45053
101.036350802 1.44506
101.103274408 1.48188
101.179887884 1.47188
101.247389566 1.52943
101.313100962 1.46577
101.380717451 1.45255
101.450166586 1.43578
101.528637029 1.40002
101.607589115 1.33509
101.684875638 1.1626
101.751296145 1.26778
101.818786657 1.24725
101.887099166 1.24052
101.952293630 1.26392
102.018477812 1.12082
102.089635058 1.09714
102.158977196 1.04111
102.220194877 0.958068
102.285764871 0.932021
105.044364306 0.935263
105.108742239 0.968772
105.801551309 1.37042
105.864681642 1.31823
105.925366504 1.3419
105.985318525 1.45102
106.050009722 1.52187
106.118457947 1.51861
106.190091912 1.56191
106.264977150 1.56805
106.337210962 1.57865
106.410677234 1.57351
106.480968404 1.51322
106.555326237 1.56361
106.627387147 1.58632
106.698746397 1.60909
106.766989896 1.62501
106.842181798 1.64641
106.912362090 1.65565
106.985569916 1.66804
107.055225608 1.65678
107.126023019 1.70573
107.202019345 1.70886
107.274645704 1.71131
107.347510917 1.69905
107.420764463 1.77358
107.498577083 1.77545
107.569703299 1.76079
107.644629661 1.80395
107.714819594 1.81475
107.788974949 1.81902
107.857085573 1.82262
107.927339543 1.88539
107.997621547 1.86671
108.062920774 1.86045
108.129486619 1.91077
108.200033186 1.91632
108.267202312 1.93109
108.333017850 1.94941
108.398180456 2.06689
108.471466970 2.13842
108.545341431 2.11653
108.613152312 2.08158
108.681015697 1.97185
108.752045909 1.96962
108.822534445 2.0087
108.894995715 1.98144
108.968329382 2.01466
109.041703423 2.02439
109.113278667 2.0047
109.183822236 2.04717
109.259365062 2.05976
109.338949780 2.10763
109.411212774 2.11757
109.478961853 2.13507
109.552371930 2.16238
109.625150153 2.17487
109.699193488 2.18022
109.772031372 2.2139
109.842072451 2.22688
109.910832523 2.25886
109.979095380 2.27957
110.047166693 2.29262
110.114352681 2.30684
110.184856286 2.32791
110.260902142 2.36591
110.330416538 2.37847
110.403641942 2.36207
110.470412987 2.32834
110.544736798 2.31316
110.622592107 2.30001
110.694513825 2.31758
110.768291891 2.34326
110.847225329 2.35007
110.921635934 2.3174
110.992969467 2.26476
111.068814123 2.25672
111.146945499 2.33482
111.223454468 2.36315
111.297138859 2.354
111.369495420 2.34423
111.449528610 2.32096
111.522929149 2.31795
111.601258949 2.28316
111.682089641 2.27619
111.759507742 2.31139
111.829610826 2.24547
111.908310019 2.1745
111.985010249 2.17172
112.059996757 2.16513
112.133130506 2.14612
112.206641614 2.10372
112.276772884 2.05707
112.349357566 2.01645
112.416639324 2.0623
112.495533816 2.06134
112.566731545 2.06735
112.636607062 2.05996
112.705715539 2.00959
112.777464011 2.0288
112.846317475 2.09477
112.920532668 2.05238
112.989388761 2.17197
113.056634524 2.03113
113.122274889 1.98599
113.188344609 2.02008
113.254250792 1.98876
113.320394094 2.01403
113.383935459 2.14311
113.449162319 2.10229
113.517265669 2.11048
113.592448261 2.13597
113.667224765 2.14456
113.740584308 2.15708
113.811207069 2.03308
113.885119568 2.09722
113.955462923 2.03779
114.026453895 2.1137
114.097136166 2.04323
114.162843387 1.99234
114.229342903 2.12913
114.295272785 2.09587
114.365713580 2.14609
114.441744077 2.14797
114.513461024 2.16033
114.589759149 2.17394
114.666933054 2.22981
114.744293562 2.21597
114.815383213 2.2435
114.889511393 2.26945
114.963900869 2.281
115.034545753 2.3146
115.104503851 2.20354
115.173335011 2.27744
115.245483688 2.3571
115.318435979 2.37454
115.391528818 2.36315
115.469138295 2.32821
115.539005615 2.4182
115.607170313 2.42757
115.681013317 2.45121
115.753136089 2.49012
115.827223946 2.55044
115.896056775 2.5583
115.965216648 2.55306
116.033265001 2.52829
116.101044222 2.47915
116.168697527 2.42324
116.232944113 2.45767
116.302266100 2.66787
116.370797418 2.58881
116.439241490 2.66668
116.507232791 2.62166
116.580924013 2.61754
116.651805626 2.6398
116.721310932 2.61079
116.803454403 2.62523
116.880851700 2.67581
116.955220204 2.72439
117.030768900 2.6212
117.104051911 2.70571
117.176262428 2.68708
117.248476565 2.78165
117.318596572 2.74053
117.395101846 2.97868
117.472067792 2.94802
117.546272846 2.88129
117.617100267 2.85235
117.688814933 2.98657
117.770892278 2.91996
117.852097524 2.94671
117.935294690 2.97257
118.009120630 2.95655
118.086877710 2.82466
118.160514161 2.92919
118.235232127 3.02481
118.310765904 3.37963
118.393706856 3.37471
118.478644463 3.38824
118.563951936 3.29914
118.651264547 3.40571
118.729819731 3.03192
118.814571765 3.08866
118.896291310 3.17267
118.980510445 3.18377
119.059185149 3.092
119.137198674 3.10894
119.216904616 3.09481
119.293836736 3.15228
119.369181825 3.14417
119.452186933 3.10732
119.530018804 3.02072
119.608172318 2.95982
119.689157564 2.97174
119.769216705 2.97724
119.844094983 3.03237
119.917975045 3.04115
119.992205860 2.96855
120.065975043 3.00364
120.143513284 2.95347
120.223225822 2.92199
120.295292350 2.91694
120.370788019 2.89116
120.439244285 2.88597
120.512084025 2.85116
120.581723198 2.83158
120.658623989 2.77221
120.731060700 2.82491
120.810016916 2.69729
120.882447344 2.79578
120.959081975 2.71555
121.033123792 2.69171
121.110630436 2.63017
121.191385005 2.69953
121.265138213 2.79539
121.339401401 2.79611
121.409363091 2.67666
121.478984873 2.65642
121.555784909 2.77319
121.635193617 2.84322
121.714275390 2.78115
121.792419057 2.75277
121.871146793 3.00005
121.942245472 2.9929
122.011168033 2.99399
122.083338354 2.95301
122.156192430 3.03475
122.231921148 2.9732
122.312417328 3.00793
122.387167926 2.92778
122.465160633 3.20614
122.549131770 3.2331
122.632283635 3.00702
122.705177937 3.03741
122.780379199 3.00218
122.860571507 3.22949
122.938356879 3.32069
123.021359989 3.40335
123.102979811 3.32078
123.181905468 3.13539
123.260248148 3.24693
123.339613957 3.24434
123.420514283 3.24564
123.503603230 3.26705
123.582395858 3.40212
123.661958899 3.41655
123.743629995 3.44217
123.823001354 3.48259
123.901390090 3.39318
123.982050584 3.40203
124.063361649 3.35834
124.147964769 3.46314
124.233955007 3.32352
124.319011168 3.30278
124.406364417 3.17336
124.485875645 3.33231
124.560648172 3.27879
124.644818166 3.25921
124.723781982 3.21571
124.803016296 3.26304
124.881612552 3.23544
124.955837317 3.15596
125.037303695 3.25567
125.116744280 3.06236
125.203506386 3.15158
125.281299008 3.32572
125.365000828 3.14157
125.446849237 3.05849
125.528777863 3.08706
125.601440270 2.97668
125.679771858 2.97598
125.751617032 2.91852
125.827308592 2.84964
125.902441266 2.84508
125.976362043 2.74377
126.054460388 2.6793
126.124554415 2.67411
126.191122488 2.63759
126.257551406 2.56735
126.334234363 2.63464
126.411010808 2.69798
126.485039869 2.66499
126.559388043 2.64412
126.632741790 2.61082
126.705738231 2.6892
126.779949434 2.64407
126.850489420 2.63181
126.929582638 2.63137
127.007707737 2.63105
127.088434710 2.63795
127.163043265 2.73953
127.238638481 2.76999
127.311693980 2.71468
127.382996716 2.84065
127.457415205 2.90717
127.528708931 2.95237
127.602646343 3.04422
127.679244927 2.99762
127.752763686 2.97992
127.828987478 3.00701
127.905769839 2.97317
127.982450725 3.01501
128.055110852 3.05349
128.127502699 3.32677
128.204386561 3.35441
128.282650350 3.37967
128.363160746 3.33331
128.451730660 3.35422
128.535120721 3.41659
128.618795089 3.44547
128.700590869 3.48565
128.787772098 3.4078
128.867753482 3.43253
128.948251783 3.42184
129.026344162 3.43928
129.103204313 3.50478
129.183092371 3.50936
129.263700460 3.6151
129.338356623 3.56796
129.411324497 3.57387
129.485061193 3.55906
129.560833256 3.63215
129.634273376 3.63146
129.707015419 3.66253
129.781885290 3.64303
129.867350403 3.57283
129.949713457 3.68583
130.030090614 3.5877
130.101659714 3.58933
130.179399516 3.3844
130.255832614 3.40094
130.336691262 3.51261
130.410356424 3.18159
130.487612228 3.21991
130.567774099 3.17031
130.651090453 3.17909
130.729984199 3.2136
130.815243285 3.21777
130.898005874 3.22372
130.978933539 3.27325
131.053751830 3.27329
131.129677515 3.29044
131.204982734 3.27921
131.279664991 3.32218
131.351250172 3.15375
131.423915610 2.87546
131.499519437 3.35482
131.583172100 3.44402
131.657462240 3.35746
131.727962193 3.17817
131.804150056 2.51794
131.878988661 2.68967
131.955487852 3.03728
132.022719534 2.85622
132.090625360 2.86698
132.162361467 2.79936
132.236489578 2.76036
132.311874586 2.79738
132.391611283 2.74748
132.466006167 2.57122
132.537573924 2.64076
132.606375096 2.6136
132.674768480 2.57567
132.744498351 2.65783
132.821544191 2.20562
132.895195343 2.2169
132.971376619 2.50681
133.045801742 2.49086
133.115873155 2.39311
133.185346977 2.35211
133.254721952 2.33394
133.323903714 2.38792
133.395949379 2.37278
133.466932011 2.39065
133.536612984 2.39399
133.610975557 2.37054
133.688297230 2.386
133.761547494 2.32915
133.832131955 2.38813
133.899230393 2.48824
133.973512184 2.39059
134.051392713 2.36901
134.121575821 2.43902
134.198648773 2.47566
134.270361926 2.31467
134.343529811 2.43182
134.420597666 2.44461
134.499644795 2.29473
134.572228963 2.48499
134.647418435 2.47937
134.715059723 2.2929
134.784941610 2.68104
134.862486430 2.28047
134.943375904 2.34511
135.015428427 2.28693
135.091611393 2.32723
135.171723662 2.59555
135.247152499 2.6722
135.326011855 2.63928
135.408878390 2.61513
135.480459353 2.54212
135.550854037 2.51589
135.620548157 2.44296
135.690345804 2.5205
135.759851938 2.56678
135.835510310 2.3942
135.908648679 2.64203
135.979829419 2.68683
136.050021845 2.6138
136.125405683 2.70182
136.201710387 2.62135
136.271543050 2.62077
136.349306367 2.5125
136.417711717 2.44608
136.483780249 2.45069
136.550963587 2.35055
136.616439248 2.32019
136.683223301 2.26945
136.753660937 2.20109
136.829703550 2.18558
136.901394834 2.17082
136.974781559 2.11441
137.048870522 2.10773
137.123575996 2.07584
137.200972040 2.02371
137.265759467 1.97645
137.337975400 1.88762
137.410058437 1.90974
137.480029294 1.87231
137.546088345 1.82351
137.616955649 1.74649
137.685932533 1.7052
137.754368853 1.73636
137.825933364 1.63121
137.896016217 1.56996
137.966131171 1.54153
138.039529727 1.43341
138.115035074 1.41502
138.186398050 1.36018
138.255088622 1.369
138.319948560 1.31043
138.391065579 1.25928
138.459943823 1.21849
138.530191272 1.17592
138.607259775 1.13084
138.678090877 1.08722
138.749927445 1.09339
138.819599332 1.0834
138.893817286 1.03708
139.029844984 1.00333
139.179333107 0.903124
139.326762449 0.887164
139.394008461 0.88573
139.610607958 0.9799
139.672643772 0.980498
140.430616378 1.12393
140.497616681 1.17211
140.638226271 1.23345
140.705551405 1.22174
140.767246876 1.27571
140.832168286 1.28637
140.895750608 1.35054
140.961196018 1.37154
141.032630207 1.37007
141.103317219 1.39101
141.167218134 1.3955
141.235387185 1.40096
141.300927881 1.4014
141.367840275 1.38911
141.435553513 1.33949
141.506092214 1.34744
141.575383193 1.3757
141.657170427 1.38315
141.730807983 1.37037
141.807265293 1.37461
141.881251792 1.35631
141.952189160 1.34352
142.017319257 1.34557
142.083189054 1.35276
142.146749012 1.29839
143.301572725 0.745411
145.144067685 2.92272
